16388
8197
8202
24594
24595
8211
16409
8224
8225
16429
24622
8241
8247
8254
16451
8261
24646
8270
8275
16475
16476
8285
16480
8291
100
8292
8299
8301
8316
16510
8322
16515
8328
16526
24728
8344
24732
8349
16545
16550
16555
8370
24759
24769
8398
8400
24792
16602
8412
8418
16613
24805
16619
8428
24829
8447
16643
8458
8470
8485
8495
24880
8499
8508
16703
8513
8522
8524
8528
16721
16729
16731
8566
16761
8569
8571
24968
8584
16778
8586
24970
16782
24978
8598
8601
16798
8609
16807
25015
25022
8645
16837
8654
8663
8667
16380
8689
25074
25077
8706
25095
8712
16905
8714
8713
8717
8718
8737
8743
16941
25137
8757
8758
16950
16962
8780
8791
25175
25191
8809
8814
17007
8816
8827
17021
8833
25219
8840
8844
8865
17058
25249
17063
8873
8875
17070
8880
8899
8909
8915
17109
25308
17119
17122
8930
8934
17132
17134
8945
8946
17139
8950
8954
17153
25346
25353
25355
8978
8983
8991
17190
9001
9006
17206
17207
9017
9024
9033
25423
9042
17235
17238
9048
9057
17256
17258
9067
25462
25464
9080
17275
17287
9102
9103
17299
17305
17306
25509
9130
25514
25516
25520
25525
9148
9152
9153
17345
17350
9170
17364
25556
17371
9189
999
1000
1001
1004
17389
1006
1007
1008
1009
1010
1011
1012
1013
1014
1015
1016
1017
1018
1019
1020
1021
1022
1023
1024
9221
1030
1031
1032
25608
1033
1035
9226
1037
1038
1039
1040
1041
1042
1043
17424
1044
1046
1047
1048
1049
1050
25627
1052
1053
25629
1055
1056
1057
1058
1051
1060
9253
1062
1054
1061
1059
17451
9262
1079
17465
25661
9289
25677
17488
9297
17490
9299
17491
25682
25686
9302
9314
25698
9316
9331
17523
9333
25718
9336
9342
25733
9350
9353
9354
25743
25745
25746
9363
9378
17583
9397
9402
9409
9416
25803
25807
25808
17620
17629
17637
9445
17643
9453
25850
25856
9475
17668
25863
9484
17680
17683
9499
17698
17710
9527
9530
9531
17727
9541
25933
25935
25957
9573
25958
9583
25969
9587
25974
9594
17788
17816
9626
9628
17822
9648
17848
26041
17850
26046
9686
9706
1514
1521
1523
1524
9722
17917
26113
9733
17928
9739
9740
17947
17955
9766
1580
9777
9785
17987
9805
9808
9816
9818
26211
9837
26221
26226
26236
18045
9863
9867
18059
9874
26266
26267
18077
18079
18086
26282
18093
18098
18106
9936
18130
18133
9944
9947
26337
18155
1782
9980
9986
26381
10013
18208
10020
10022
10024
26408
18223
26419
10047
18243
1875
10085
18289
10098
26488
10105
18301
1925
18315
26520
26521
10139
18351
18353
10166
26557
10176
26563
10179
1996
1997
1998
10189
18384
1999
26572
2003
2004
2005
2001
2000
10200
2009
18392
2006
2012
2013
2008
2015
18401
10210
2019
2017
18405
2022
2025
2028
26606
2034
2035
10230
2039
2047
2048
2049
2050
2053
10245
26631
2054
2057
2058
2061
2062
2063
18446
18447
10258
2067
10259
2068
10257
2072
2075
2078
2079
2080
10273
2082
10276
18471
2088
2092
2093
2094
10288
2098
2099
2100
26677
2102
2108
2110
2111
2118
2120
2121
2125
2128
10322
2131
18515
2135
2136
2139
2140
26718
2142
2147
2148
2149
26726
10343
2152
2151
10346
2155
10348
2157
2158
2154
2160
18546
2163
10354
2166
2167
18558
2175
2177
2179
10372
2181
18564
10373
26760
18569
2184
26759
2188
10381
2190
2189
18570
2193
2194
2196
26775
2203
2205
26785
18594
10402
2212
2213
2214
2217
26794
2226
2230
2231
2232
18617
10425
10424
2236
2234
2238
2239
2240
10433
2241
2243
26822
10439
2248
10441
2250
2249
2259
2260
2262
2264
10457
2268
2270
2271
2278
18663
2280
2279
10474
2283
26860
10476
2286
18672
2290
2291
2293
2297
18684
26876
2302
2303
2304
10497
2305
2307
2310
10506
10507
2316
2317
2319
10513
2324
2325
2326
26903
18712
10521
2330
18715
10524
2334
2335
2338
2340
18726
2343
2345
2346
2353
26931
2355
2358
18743
10552
2361
10556
26941
18749
26942
2368
2369
18750
2373
10566
2375
2377
2378
2380
2382
18768
2385
2386
2384
2389
2390
2391
2392
2393
2396
2401
2404
10603
2415
10608
10609
10610
2417
18804
2418
2422
2424
2430
18816
2433
27009
2434
2436
27019
2444
2447
2448
2449
18833
2451
2452
2457
2458
27035
10651
2461
2462
18851
10661
2470
10663
18856
2473
2474
2475
10667
2480
27058
2482
2483
18866
2486
2487
2489
2490
2491
2494
2495
10688
2497
10690
18886
2502
2509
18894
2510
18900
2521
2522
2523
2524
2527
10722
27108
2532
2533
2543
2546
27123
2548
2549
2554
18939
18940
2561
10755
2565
2566
2567
10761
2570
2571
10763
2572
10766
2575
10770
2578
2581
2586
10779
27166
2591
2592
10784
2594
2595
27174
10790
2600
2601
27178
2603
2604
27179
2610
2615
2618
2620
2622
19007
10819
2629
2630
2632
2637
2638
19022
10830
27218
2643
2647
10841
2655
2659
2663
2666
19052
2671
10867
19062
2678
2680
2683
2691
2692
2695
2696
2702
27280
2705
2712
10906
19102
2721
2724
2729
2732
10927
2738
2739
2740
10936
2744
2751
2754
2757
2760
10958
2769
2771
2773
10966
10968
2777
27355
2783
2784
19169
2789
19183
19193
11005
11008
2818
2819
2820
2822
2831
2832
2836
2837
11034
2844
11037
2845
11039
2849
2850
27427
2852
2854
2859
2860
2863
11057
2865
2866
2869
11066
2884
2886
2890
2891
2892
19279
2897
19281
2900
2902
2906
11101
19293
27487
2912
2911
2914
19296
2917
2919
2923
2924
2925
19317
19318
2937
27517
2942
2943
2945
19330
2946
11142
2951
2953
19342
2958
2962
19348
2966
2967
2968
19351
19354
2974
2976
2978
19364
2981
2980
19367
27565
2995
27571
19379
2996
3001
19387
3006
3007
27582
3011
3012
3013
27593
3020
3029
19415
3034
3036
19422
3039
3040
3042
3044
11240
3049
27634
3059
19445
11253
3064
11257
19450
3070
11263
11265
11266
11271
3080
3082
3089
11281
3094
3095
3097
3103
19496
11304
11308
3126
11320
3131
3132
3136
11329
19523
3141
27717
11335
11333
3145
11338
11336
3147
3153
3154
3161
11354
11355
3170
11365
19557
27759
19570
11382
27767
3192
3191
11387
27774
3207
3208
19594
3217
3221
3222
19607
3229
3237
27814
3240
11432
27830
3256
3258
11452
27838
19646
11454
3266
3270
11466
3277
19665
19666
3286
19676
3293
11486
19679
11487
3298
27877
11493
27885
19701
27896
11514
3328
27908
3332
3334
19718
3336
19723
3341
11540
19734
27927
3351
19738
3358
3361
3363
3366
3367
11563
3372
3381
3385
3388
3389
3393
27974
3400
3401
3406
11603
19797
11605
3415
3417
11610
3422
3423
3424
3425
3433
3435
28014
11631
19830
3448
11642
3454
19838
19839
3457
19845
19848
3467
28044
3477
3481
3482
11674
28057
3489
3490
11684
11692
3501
19888
19892
3508
11705
3519
28100
3526
3527
11721
28121
11748
11749
3559
3560
28139
3565
3566
3567
28144
3573
19961
3580
11773
11774
19966
19968
3585
3586
3587
3589
3590
3593
3597
19982
3600
28177
3612
3617
3619
28201
20014
3630
11829
3638
3639
3642
11834
20027
3645
11837
3647
11844
3654
3665
3667
3669
3671
28248
20057
11865
3677
3678
3683
3686
28265
3698
11891
11895
3707
3712
3715
11909
3719
3723
3726
20110
3729
20116
11924
20118
11926
3736
3741
11933
11937
3745
3748
20138
3756
3757
11951
3762
11957
3769
3775
28353
11971
3784
11981
3790
3793
3795
11989
3802
11996
20189
3806
20199
3821
3831
12031
3840
3844
20228
3857
3860
3863
3869
3871
3872
12069
12083
3891
3893
12088
28478
12098
3915
3917
12109
20303
12120
20315
20318
3935
28516
3941
28522
3961
3962
3963
20348
3969
3972
12166
12170
12172
20364
20369
12184
3995
12190
4002
4003
4004
4005
28582
4007
4008
4012
4013
4014
12207
20397
4017
4023
4026
20410
4029
4034
12227
20421
4044
4047
4063
12256
12260
4078
12273
20470
20473
28667
4095
4098
28674
4101
28678
4103
28679
4106
20492
4115
12312
12314
12322
4132
12326
4135
28712
20523
4140
4145
20534
28727
4153
4160
4167
28745
28756
4180
4183
4187
12383
12384
20578
4203
4204
12399
12403
4213
4215
28791
4221
20606
4223
4224
4226
20613
28805
20617
4238
4241
12436
20629
4246
4245
4248
12441
20643
28837
4263
20647
12458
4270
20654
20658
4274
20669
12478
4297
12495
4305
4315
20704
20705
28900
20710
4328
4329
4333
12528
12532
12545
4355
28940
4371
4372
4377
4381
12592
4409
4413
28991
20799
12609
28994
4419
4420
20808
12617
12618
4430
12625
4434
12631
12632
4454
4455
12649
20842
4461
4471
4477
29053
12676
4491
20879
12690
4501
4502
29080
12702
20898
4517
20904
29098
4523
20907
4530
29109
20917
20919
4542
12740
20934
4562
20950
4571
4576
4583
4586
12778
4588
4589
4590
12783
29165
20974
4592
12789
12792
4601
4606
29184
4609
20996
4617
21008
4629
4632
21017
4638
29215
21025
4642
4643
12835
4646
4651
21036
4654
21038
12849
21041
21043
29234
4665
4671
4675
12870
4684
12879
21084
4702
4707
4708
4714
29296
29297
4721
4720
4724
12921
21122
12935
4747
4748
29325
4750
4757
4758
4759
21144
12952
21146
4767
29344
4769
29347
12963
4773
4774
4783
12977
4796
4801
29378
4803
12997
4807
21197
13005
4816
4817
29393
4818
13013
4822
21209
21210
21211
13030
4840
4842
4845
4854
21246
4862
13058
29443
4868
29449
29450
4875
13068
29454
21262
29461
4887
29464
4890
4894
4895
13088
13091
4904
13102
4917
4923
4931
4932
13129
4942
13135
29521
4948
4950
4952
4957
4964
4965
13156
4968
4969
13164
21368
4984
29578
5003
5004
21397
13209
5023
21415
5034
13232
5041
5051
5055
5057
21442
5063
5073
5080
5081
29656
21469
13284
5097
5100
21486
5104
5107
13309
5118
5119
5132
13327
5144
13338
5148
5149
13341
5157
13354
21547
13366
5178
5183
13380
21572
13382
5192
5195
5202
13395
21619
13433
5243
5244
5245
5252
13448
1045
13451
13457
5273
13473
5283
5285
5302
5307
5308
21709
13526
21719
5339
21724
5349
5358
5364
5369
5371
13569
21766
21768
21770
5390
13594
21790
5408
5413
13610
13619
13625
13626
5439
13634
5456
5465
13660
5472
21860
21862
9230
21863
13675
5484
9232
5499
5500
21887
9235
5507
13701
5521
5532
30108
21934
5553
5555
5561
5583
5587
5596
5602
5603
5610
5611
22015
5638
5641
5643
22030
5653
5658
5663
5666
5668
5669
13876
5685
22074
5697
5703
22091
5709
5714
5717
22110
5733
22127
5745
22129
13938
22134
22138
5757
22150
13970
5786
22174
5795
5796
5799
13997
5806
22196
22199
22203
14012
5826
5831
14031
5840
22234
5851
5856
5867
5874
14068
5879
5880
22264
14074
5884
5886
5887
14081
5890
5891
22275
14088
5906
14101
5910
14104
5917
22305
14117
14122
5933
14127
22330
14141
14142
5956
14151
5960
14154
5963
14161
14163
22360
14176
22394
6021
22407
6038
6040
22431
22432
22434
14244
6054
14246
6057
14255
25630
6072
22471
22472
6090
14287
14289
6097
6099
6100
14293
14301
6112
6113
22496
14317
6125
14321
6132
14326
6136
6143
14341
6155
6178
22563
6185
22571
22573
6190
6191
6198
6199
6207
14400
14405
14418
14427
6236
14428
22624
22636
22639
22648
6270
6277
14469
6279
14479
6288
14490
6299
6300
6305
6310
14506
14526
6340
14536
22731
14540
6351
6364
14557
22752
22769
14578
6391
6396
22788
14601
6415
6421
22809
22822
6442
6448
6454
6460
6466
14659
14658
14666
22861
14680
14684
6494
6497
6499
22883
6501
22904
14715
22907
22910
14721
6530
6556
14748
6559
6564
22949
22950
6578
6583
22974
6593
6599
6608
6610
14804
6627
6633
6638
6645
14839
23032
14841
6657
23044
14855
23054
23056
23058
23062
23064
6683
14876
14884
6692
23078
6697
23090
23091
14903
14904
14905
14907
23099
6723
6728
14920
23114
14924
14925
14931
23125
23137
6755
14949
6763
6767
6786
14989
6804
14997
6806
6810
15007
6816
6819
6820
23212
6829
23223
6843
6845
15042
6858
6861
23249
6865
15058
6872
6873
23270
15079
6887
23277
6894
6901
6904
6906
23296
23301
23307
6926
15121
6939
23330
6947
6949
15143
15150
6960
6961
23350
6970
15185
6994
6997
15194
23393
7011
15204
15208
23401
15212
7020
23408
7025
7026
15222
7033
7037
7041
7043
7045
15238
7051
7054
23445
7063
7065
15267
7076
15275
7088
7096
23488
23490
7113
23499
7117
15315
7124
15327
7146
7151
7159
15351
7163
7170
15364
23564
15393
15395
7204
23592
7211
15405
7221
7226
23615
23616
7243
7245
23632
15451
15455
15457
23661
23663
15474
15479
15485
15488
15489
15500
7315
7318
15514
23707
23709
7327
15519
23713
23724
7344
15536
23730
7347
7352
15544
7353
23736
7361
7367
15564
15568
7377
15569
23760
7376
7384
7389
7393
7396
15589
23789
15599
15606
23799
23809
7427
7442
23833
23835
7464
7473
7479
7484
7488
23883
7505
7507
7512
7513
23901
7529
7532
15727
23921
23931
15754
15765
7577
23961
15775
15776
15779
23971
15780
15782
7591
15794
7605
7621
7630
7632
7642
24031
15853
15854
24048
15857
15876
7685
15879
15882
7696
7698
15895
24087
7705
7706
7708
15903
7712
24096
24098
15907
7716
24103
15916
7726
24143
7760
7768
15960
15972
7781
15985
16001
7809
16012
24204
24209
16021
24220
7840
24225
7842
7846
7847
7849
24234
16044
7852
24238
24239
16048
24237
7858
7861
7865
7874
7875
16068
24264
16074
16086
16093
7901
7903
16096
16102
7911
24296
16110
16111
7931
7939
24326
16136
7946
24333
24335
16147
7959
16154
16161
7974
16168
7983
7986
8004
8008
24406
16215
8024
16216
8029
16222
16223
8038
16231
16233
8043
24430
16240
8059
8067
8068
8081
24471
24475
8093
8094
16291
16293
16294
8113
24498
16319
24516
8133
16339
16340
24532
16344
16348
24540
8167
8168
16361
8169
24554
16365
16373
16377
8187
24572
